1 0.171875 0.099306 0.046875 0.095833
1 0.222266 0.300000 0.046094 0.100000
1 0.222266 0.500694 0.047656 0.095833
1 0.228125 0.700000 0.056250 0.097222
1 0.227344 0.899306 0.057813 0.101389
2 0.266406 0.098611 0.067188 0.094444
2 0.306250 0.302083 0.068750 0.095833
2 0.306250 0.500694 0.067188 0.093056
2 0.307422 0.699306 0.064844 0.093056
2 0.307031 0.900694 0.065625 0.093056
3 0.355469 0.100694 0.070313 0.090278
3 0.385938 0.302083 0.071875 0.090278
3 0.386328 0.500694 0.071094 0.093056
3 0.386719 0.699306 0.067188 0.095833
3 0.387109 0.898611 0.067969 0.094444
4 0.555078 0.099306 0.080469 0.090278
4 0.603125 0.301389 0.073437 0.097222
4 0.604297 0.500000 0.069531 0.088889
4 0.603906 0.699306 0.071875 0.095833
4 0.603906 0.897222 0.070313 0.091667
5 0.644922 0.100694 0.071094 0.090278
5 0.683594 0.300000 0.068750 0.088889
5 0.683594 0.499306 0.068750 0.090278
5 0.683594 0.699306 0.065625 0.093056
5 0.716797 0.944444 0.000781 0.002778
5 0.683984 0.897917 0.066406 0.095833
6 0.732031 0.100000 0.073437 0.091667
6 0.761719 0.299306 0.071875 0.090278
6 0.762500 0.500694 0.070313 0.090278
6 0.762891 0.698611 0.066406 0.094444
6 0.762500 0.897917 0.065625 0.093056
8 0.821484 0.099306 0.072656 0.090278
8 0.841016 0.299306 0.071094 0.090278
8 0.841797 0.500000 0.069531 0.088889
8 0.841406 0.700000 0.065625 0.091667
8 0.841016 0.898611 0.066406 0.094444
