10 0.577734 0.744444 0.696094 0.375000
10 0.249609 0.302778 0.103906 0.055556
10 0.762500 0.306250 0.101563 0.031944
5 0.214062 0.306250 0.009375 0.015278
2 0.224219 0.306250 0.007813 0.015278
3 0.252344 0.305556 0.010937 0.016667
1 0.262500 0.306250 0.006250 0.015278
0 0.272656 0.305556 0.007813 0.016667
8 0.283203 0.306250 0.010156 0.015278
5 0.724219 0.306944 0.009375 0.016667
2 0.734375 0.306944 0.007813 0.016667
3 0.761719 0.306250 0.009375 0.012500
1 0.771875 0.306944 0.006250 0.013889
0 0.782031 0.306944 0.009375 0.013889
8 0.792578 0.306944 0.008594 0.013889
