10 0.493750 0.366667 0.901563 0.408333
10 0.483984 0.836111 0.913281 0.308333
4 0.178906 0.359028 0.095312 0.193056
6 0.276172 0.365278 0.089844 0.227778
7 0.523047 0.359028 0.092969 0.198611
1 0.618750 0.371528 0.073437 0.237500
1 0.806641 0.358333 0.058594 0.227778
1 0.812500 0.856250 0.073437 0.218056
9 0.713281 0.365972 0.075000 0.193056
9 0.717969 0.856944 0.068750 0.194444
1 0.619141 0.859028 0.066406 0.198611
7 0.530469 0.862500 0.087500 0.202778
6 0.271484 0.854861 0.089844 0.201389
4 0.175781 0.852083 0.082813 0.212500
