10 0.288281 0.847222 0.420312 0.286111
10 0.278906 0.695139 0.432813 0.290278
10 0.258594 0.490278 0.467187 0.269444
10 0.631641 0.281250 0.152344 0.068056
10 0.638672 0.175694 0.146094 0.059722
10 0.792188 0.184028 0.128125 0.051389
10 0.789453 0.272222 0.127344 0.058333
10 0.786719 0.359722 0.117188 0.066667
10 0.921484 0.356250 0.107031 0.056944
10 0.923047 0.268750 0.108594 0.056944
10 0.925000 0.186111 0.107813 0.052778
6 0.116797 0.489583 0.052344 0.148611
7 0.172656 0.482639 0.048437 0.145833
8 0.312500 0.465278 0.053125 0.133333
0 0.358984 0.459028 0.041406 0.131944
1 0.398828 0.451389 0.039844 0.125000
6 0.439844 0.443750 0.040625 0.129167
8 0.451172 0.633333 0.036719 0.119444
8 0.459375 0.770139 0.031250 0.118056
5 0.141406 0.711806 0.054688 0.154167
1 0.134766 0.893750 0.044531 0.129167
5 0.187500 0.879167 0.043750 0.125000
2 0.194531 0.700000 0.048437 0.130556
2 0.234375 0.867361 0.040625 0.118056
3 0.324609 0.670833 0.050781 0.133333
3 0.339063 0.829167 0.040625 0.119444
0 0.407813 0.649306 0.040625 0.120833
0 0.379297 0.811806 0.039844 0.101389
1 0.420703 0.793056 0.028906 0.111111
1 0.371484 0.659028 0.028906 0.118056
