10 0.527734 0.663889 0.128906 0.122222
10 0.106641 0.511111 0.058594 0.080556
1 0.489062 0.654861 0.009375 0.040278
7 0.498828 0.658333 0.011719 0.041667
0 0.528125 0.669444 0.010937 0.038889
6 0.539844 0.677083 0.009375 0.037500
6 0.551562 0.679167 0.012500 0.041667
2 0.564844 0.688889 0.012500 0.041667
9 0.093750 0.507639 0.006250 0.023611
7 0.097656 0.507639 0.004688 0.023611
1 0.108594 0.511111 0.004688 0.027778
4 0.113672 0.511111 0.005469 0.027778
6 0.118750 0.514583 0.006250 0.029167
1 0.126172 0.517361 0.008594 0.034722
