10 0.345313 0.679167 0.146875 0.105556
10 0.350391 0.745833 0.160156 0.083333
10 0.857422 0.597917 0.100781 0.054167
10 0.862109 0.649306 0.114844 0.059722
6 0.291797 0.692361 0.017969 0.034722
7 0.307031 0.690972 0.014062 0.043056
8 0.351563 0.684028 0.015625 0.043056
0 0.366406 0.681944 0.014062 0.041667
1 0.380859 0.679167 0.013281 0.044444
6 0.396875 0.677083 0.015625 0.045833
5 0.297266 0.755556 0.014844 0.044444
2 0.313281 0.754167 0.017188 0.041667
3 0.354688 0.742361 0.015625 0.043056
1 0.370313 0.740278 0.012500 0.052778
0 0.385938 0.736111 0.012500 0.047222
8 0.400781 0.732639 0.015625 0.048611
5 0.826563 0.606944 0.010937 0.033333
5 0.834766 0.649306 0.010156 0.034722
2 0.837500 0.606944 0.010937 0.033333
2 0.845312 0.647222 0.010937 0.036111
3 0.864062 0.602778 0.010937 0.036111
3 0.867969 0.643750 0.009375 0.037500
1 0.887500 0.638194 0.004688 0.037500
1 0.874609 0.601389 0.007031 0.036111
1 0.824219 0.648611 0.007813 0.038889
0 0.883594 0.598611 0.009375 0.033333
0 0.878516 0.638889 0.010156 0.036111
8 0.894531 0.597222 0.010937 0.036111
8 0.896875 0.634028 0.010937 0.040278
