10 0.519922 0.266667 0.278906 0.108333
10 0.516797 0.718750 0.421094 0.095833
0 0.417578 0.270139 0.030469 0.079167
0 0.353125 0.716667 0.046875 0.072222
1 0.407422 0.718056 0.044531 0.052778
1 0.448438 0.270139 0.031250 0.065278
3 0.528125 0.267361 0.029687 0.065278
3 0.523828 0.718750 0.039844 0.062500
2 0.575000 0.719444 0.042188 0.061111
2 0.561719 0.269444 0.028125 0.058333
1 0.596875 0.269444 0.032812 0.063889
1 0.625391 0.718056 0.041406 0.055556
4 0.676562 0.720139 0.039063 0.059722
4 0.629687 0.267361 0.031250 0.070833
