10 0.505469 0.166667 0.707812 0.319444
5 0.257422 0.153472 0.067969 0.215278
2 0.328906 0.156250 0.064062 0.215278
3 0.530469 0.150000 0.076563 0.219444
1 0.604688 0.157639 0.060938 0.234722
0 0.681250 0.165278 0.070313 0.202778
8 0.757031 0.158333 0.071875 0.191667
4 0.672656 0.540278 0.054688 0.200000
6 0.617578 0.547222 0.049219 0.205556
7 0.560938 0.557639 0.048437 0.220833
2 0.505469 0.542361 0.051562 0.198611
3 0.339453 0.547222 0.057031 0.186111
9 0.393359 0.544444 0.055469 0.194444
10 0.504297 0.527778 0.414844 0.344444
