10 0.585156 0.408333 0.454688 0.316667
10 0.661719 0.677778 0.435937 0.161111
10 0.653906 0.830556 0.439063 0.141667
6 0.430469 0.463194 0.042188 0.104167
7 0.468750 0.445139 0.043750 0.109722
8 0.600000 0.397222 0.051562 0.108333
0 0.645312 0.379167 0.048437 0.113889
1 0.690234 0.364583 0.044531 0.109722
6 0.740234 0.352083 0.042969 0.106944
3 0.680078 0.681250 0.052344 0.123611
3 0.694922 0.838194 0.042969 0.123611
1 0.723437 0.681944 0.029687 0.125000
1 0.783203 0.833333 0.033594 0.130556
1 0.500000 0.826389 0.042188 0.111111
2 0.556250 0.686111 0.048437 0.125000
2 0.587109 0.833333 0.041406 0.116667
5 0.503125 0.688889 0.032812 0.122222
5 0.539844 0.831250 0.046875 0.118056
0 0.736328 0.831944 0.042969 0.111111
0 0.769922 0.682639 0.049219 0.120833
8 0.821484 0.684722 0.046094 0.119444
8 0.831250 0.831250 0.045313 0.120833
