10 0.485156 0.377778 0.903125 0.377778
10 0.484375 0.864583 0.879687 0.265278
4 0.168359 0.377778 0.089844 0.197222
4 0.173047 0.868056 0.091406 0.205556
6 0.267188 0.388889 0.089062 0.225000
6 0.266406 0.876389 0.085938 0.213889
7 0.511719 0.368056 0.075000 0.202778
7 0.516797 0.871528 0.088281 0.204167
1 0.608984 0.383333 0.072656 0.211111
1 0.608203 0.880556 0.066406 0.205556
1 0.799609 0.881250 0.066406 0.206944
1 0.799219 0.370833 0.068750 0.186111
9 0.707812 0.370833 0.082813 0.202778
9 0.707422 0.879167 0.077344 0.191667
