10 0.475391 0.636806 0.303906 0.240278
10 0.479297 0.769444 0.308594 0.269444
5 0.372656 0.672222 0.042188 0.122222
5 0.408594 0.788194 0.039063 0.106944
2 0.414063 0.656944 0.046875 0.119444
2 0.447266 0.775000 0.033594 0.108333
3 0.505859 0.620139 0.033594 0.104167
3 0.520312 0.737500 0.023438 0.100000
1 0.540234 0.613194 0.030469 0.098611
1 0.578906 0.714583 0.021875 0.101389
0 0.550781 0.722917 0.028125 0.090278
0 0.567578 0.599306 0.025781 0.093056
8 0.596484 0.593750 0.028906 0.101389
8 0.604688 0.700000 0.026563 0.100000
1 0.368359 0.808333 0.033594 0.105556
