10 0.551562 0.715972 0.589063 0.381944
10 0.541797 0.309028 0.916406 0.290278
5 0.213672 0.303472 0.094531 0.226389
2 0.319141 0.314583 0.097656 0.226389
3 0.592969 0.311111 0.096875 0.230556
1 0.692187 0.310417 0.070313 0.240278
0 0.800000 0.319444 0.090625 0.241667
8 0.903516 0.315278 0.091406 0.230556
3 0.302734 0.734722 0.077344 0.230556
9 0.382031 0.732639 0.073437 0.226389
2 0.545313 0.749306 0.079687 0.218056
7 0.617188 0.741667 0.067188 0.222222
6 0.699219 0.744444 0.075000 0.222222
4 0.777344 0.741667 0.068750 0.266667
