10 0.663281 0.511806 0.370313 0.193056
10 0.672656 0.802083 0.345313 0.137500
10 0.671094 0.677083 0.357812 0.120833
6 0.528516 0.515278 0.038281 0.102778
7 0.566016 0.511111 0.035156 0.108333
8 0.673437 0.509722 0.035937 0.108333
0 0.714063 0.504167 0.035937 0.108333
1 0.753125 0.506944 0.035937 0.125000
6 0.792188 0.504861 0.039063 0.118056
5 0.545313 0.685417 0.039063 0.104167
2 0.585547 0.688194 0.036719 0.106944
1 0.535547 0.809028 0.024219 0.081944
5 0.575781 0.817361 0.040625 0.101389
2 0.610156 0.811111 0.037500 0.094444
3 0.686328 0.679167 0.036719 0.102778
3 0.696484 0.809028 0.036719 0.104167
1 0.726563 0.683333 0.035937 0.108333
1 0.770703 0.809028 0.032031 0.098611
0 0.761719 0.675694 0.034375 0.106944
0 0.732813 0.805556 0.035937 0.102778
7 0.800781 0.675694 0.039063 0.106944
7 0.804688 0.798611 0.034375 0.105556
