10 0.200000 0.661806 0.151562 0.054167
10 0.200000 0.604861 0.156250 0.045833
10 0.821094 0.623611 0.148438 0.055556
10 0.822656 0.672917 0.143750 0.045833
6 0.146484 0.606250 0.013281 0.031944
7 0.163281 0.606250 0.014062 0.034722
8 0.204297 0.606250 0.014844 0.034722
0 0.219922 0.606250 0.016406 0.031944
1 0.235938 0.605556 0.009375 0.030556
6 0.253125 0.606250 0.015625 0.031944
5 0.147656 0.657639 0.014062 0.034722
2 0.163672 0.656944 0.014844 0.036111
3 0.204688 0.652778 0.015625 0.033333
1 0.219922 0.656250 0.011719 0.031944
0 0.236719 0.655556 0.017188 0.030556
8 0.251953 0.655556 0.014844 0.036111
5 0.773828 0.625000 0.011719 0.033333
2 0.789063 0.628472 0.014062 0.037500
3 0.829297 0.628472 0.016406 0.037500
1 0.843750 0.627778 0.010937 0.033333
0 0.859375 0.628472 0.014062 0.034722
8 0.874219 0.628472 0.015625 0.037500
8 0.875391 0.668750 0.016406 0.037500
1 0.860937 0.668750 0.010937 0.037500
3 0.831250 0.670139 0.014062 0.040278
0 0.846484 0.669444 0.014844 0.038889
2 0.799219 0.668750 0.015625 0.037500
5 0.784375 0.670139 0.014062 0.034722
1 0.771094 0.668750 0.012500 0.034722
