10 0.509375 0.686111 0.981250 0.372222
10 0.501562 0.320139 0.993750 0.365278
5 0.166797 0.343750 0.107031 0.293056
2 0.269531 0.346528 0.093750 0.279167
3 0.564062 0.346528 0.098438 0.279167
1 0.665625 0.336806 0.078125 0.273611
1 0.794141 0.686806 0.080469 0.279167
3 0.589063 0.685417 0.098438 0.268056
0 0.781250 0.323611 0.103125 0.283333
8 0.890234 0.317361 0.099219 0.279167
8 0.904688 0.675000 0.090625 0.250000
0 0.691016 0.689583 0.092969 0.248611
2 0.350781 0.704861 0.092188 0.251389
5 0.244922 0.692361 0.096094 0.284722
1 0.131250 0.697917 0.078125 0.273611
