10 0.489844 0.649306 0.442187 0.181944
10 0.496484 0.463889 0.444531 0.152778
6 0.337109 0.479861 0.047656 0.123611
5 0.337891 0.646528 0.036719 0.129167
2 0.387109 0.653472 0.047656 0.126389
7 0.382813 0.479861 0.043750 0.126389
8 0.506250 0.474306 0.048437 0.120833
0 0.555469 0.471528 0.048437 0.129167
1 0.597656 0.471528 0.029687 0.123611
6 0.645703 0.470833 0.049219 0.127778
8 0.647656 0.643750 0.043750 0.129167
0 0.601172 0.639583 0.044531 0.120833
1 0.557031 0.640278 0.035937 0.119444
3 0.509375 0.640972 0.045313 0.123611
