10 0.088281 0.786806 0.176563 0.145833
10 0.680859 0.656250 0.122656 0.106944
10 0.974609 0.577083 0.050781 0.054167
9 0.687891 0.662500 0.013281 0.061111
9 0.712109 0.659722 0.013281 0.061111
6 0.700000 0.662500 0.010937 0.066667
6 0.726172 0.661111 0.011719 0.063889
5 0.641406 0.669444 0.012500 0.061111
2 0.653125 0.668750 0.010937 0.059722
6 0.136719 0.785417 0.020312 0.079167
6 0.101563 0.794444 0.018750 0.061111
5 0.117188 0.788194 0.017188 0.065278
8 0.081250 0.793056 0.018750 0.077778
0 0.014453 0.804167 0.019531 0.069444
2 0.034766 0.802083 0.016406 0.076389
5 0.967969 0.573611 0.009375 0.041667
2 0.977344 0.572917 0.009375 0.051389
