6 0.527734 0.515278 0.035156 0.100000
7 0.565234 0.509722 0.033594 0.100000
8 0.673828 0.507639 0.033594 0.098611
0 0.712109 0.506250 0.032031 0.095833
1 0.750000 0.506250 0.023438 0.095833
6 0.791406 0.502083 0.034375 0.098611
3 0.685938 0.680556 0.035937 0.097222
1 0.723437 0.680556 0.025000 0.102778
1 0.766797 0.804861 0.021094 0.084722
3 0.694531 0.809722 0.031250 0.088889
1 0.536328 0.815278 0.022656 0.086111
2 0.583594 0.690278 0.037500 0.100000
2 0.610547 0.813889 0.030469 0.086111
5 0.544141 0.688889 0.033594 0.100000
0 0.762109 0.674306 0.033594 0.095833
0 0.732422 0.804861 0.030469 0.084722
8 0.801562 0.677083 0.032812 0.095833
8 0.804688 0.802083 0.031250 0.095833
5 0.574609 0.814583 0.032031 0.090278
