5 0.508203 0.686806 0.041406 0.106944
2 0.553516 0.688889 0.039844 0.111111
3 0.682422 0.688194 0.046094 0.112500
1 0.724609 0.685417 0.033594 0.112500
0 0.773438 0.683333 0.042188 0.113889
8 0.823047 0.682639 0.042969 0.109722
8 0.829297 0.826389 0.041406 0.102778
1 0.782031 0.827083 0.026563 0.109722
0 0.738281 0.829861 0.043750 0.104167
3 0.691797 0.830556 0.042969 0.108333
2 0.585547 0.831944 0.041406 0.105556
5 0.539844 0.831944 0.039063 0.105556
1 0.491016 0.833333 0.028906 0.102778
6 0.430078 0.461806 0.042969 0.104167
7 0.469141 0.443056 0.041406 0.105556
8 0.598828 0.397222 0.047656 0.105556
0 0.645703 0.380556 0.047656 0.100000
1 0.689844 0.362500 0.040625 0.100000
6 0.739453 0.346528 0.041406 0.098611
