6 0.528125 0.513194 0.035937 0.098611
7 0.565625 0.510417 0.034375 0.104167
8 0.673437 0.506944 0.035937 0.105556
0 0.713672 0.504167 0.035156 0.100000
1 0.751172 0.504167 0.027344 0.105556
6 0.791797 0.501389 0.036719 0.102778
0 0.762891 0.679861 0.033594 0.104167
1 0.766797 0.806944 0.022656 0.086111
1 0.723047 0.681944 0.024219 0.100000
0 0.732813 0.806944 0.032812 0.086111
3 0.686719 0.681250 0.034375 0.095833
3 0.694922 0.809722 0.032031 0.086111
2 0.611719 0.813889 0.034375 0.088889
2 0.584375 0.686806 0.032812 0.104167
5 0.545703 0.686111 0.035156 0.094444
1 0.533984 0.817361 0.022656 0.090278
5 0.573047 0.815278 0.032031 0.088889
