6 0.209766 0.286806 0.074219 0.193056
7 0.295312 0.280556 0.078125 0.194444
8 0.535547 0.276389 0.078906 0.191667
0 0.621484 0.277778 0.074219 0.200000
1 0.704297 0.270833 0.052344 0.200000
6 0.792969 0.270833 0.073437 0.200000
5 0.250000 0.613889 0.070313 0.188889
2 0.331641 0.616667 0.069531 0.183333
3 0.562891 0.607639 0.071094 0.187500
1 0.641797 0.605556 0.047656 0.191667
1 0.738281 0.851389 0.043750 0.163889
0 0.729297 0.606250 0.072656 0.181944
8 0.816797 0.602083 0.072656 0.187500
8 0.825391 0.850000 0.069531 0.158333
0 0.664063 0.856944 0.068750 0.150000
3 0.581250 0.860417 0.071875 0.162500
2 0.394141 0.864583 0.069531 0.165278
5 0.311719 0.867361 0.068750 0.165278
1 0.224609 0.863194 0.052344 0.168056
