6 0.380469 0.442361 0.028125 0.093056
7 0.413281 0.447917 0.032812 0.095833
8 0.513672 0.477778 0.038281 0.113889
0 0.560156 0.490278 0.043750 0.119444
1 0.608984 0.502083 0.030469 0.123611
6 0.664063 0.516667 0.050000 0.125000
1 0.563672 0.668056 0.025781 0.108333
1 0.607813 0.838194 0.026563 0.101389
2 0.440234 0.742361 0.028906 0.093056
2 0.420312 0.610417 0.028125 0.104167
5 0.409375 0.721528 0.026563 0.087500
1 0.378906 0.706250 0.021875 0.081944
5 0.389844 0.595139 0.026563 0.098611
3 0.520312 0.645833 0.040625 0.111111
3 0.523438 0.787500 0.032812 0.105556
0 0.564062 0.811806 0.037500 0.095833
8 0.666016 0.709028 0.050781 0.123611
8 0.660156 0.864583 0.046875 0.109722
0 0.614844 0.689583 0.043750 0.120833
