10 0.487500 0.771528 0.328125 0.287500
10 0.472266 0.642361 0.317969 0.234722
10 0.744141 0.215972 0.105469 0.079167
10 0.744531 0.309722 0.104687 0.066667
10 0.846875 0.221528 0.089062 0.073611
10 0.933984 0.229861 0.082031 0.059722
10 0.931250 0.300694 0.070313 0.051389
10 0.930859 0.360417 0.078906 0.065278
10 0.846094 0.375000 0.084375 0.061111
10 0.846094 0.300000 0.081250 0.055556
5 0.371094 0.667361 0.039063 0.115278
5 0.410156 0.788194 0.034375 0.101389
2 0.412500 0.654861 0.039063 0.109722
2 0.444531 0.773611 0.029687 0.111111
1 0.364844 0.804167 0.025000 0.108333
1 0.536719 0.610417 0.021875 0.098611
1 0.575781 0.709722 0.015625 0.088889
3 0.506250 0.620833 0.032812 0.100000
3 0.519531 0.737500 0.026563 0.094444
0 0.550000 0.724306 0.023438 0.090278
0 0.566016 0.597917 0.027344 0.090278
8 0.595312 0.588889 0.026563 0.091667
8 0.603125 0.697917 0.023438 0.081944
