10 0.516797 0.253472 0.916406 0.376389
10 0.510938 0.712500 0.540625 0.441667
5 0.191406 0.246528 0.081250 0.245833
2 0.285156 0.246528 0.078125 0.243056
2 0.516016 0.743750 0.060156 0.212500
3 0.542578 0.250000 0.083594 0.238889
3 0.300000 0.746528 0.062500 0.215278
1 0.633594 0.247917 0.053125 0.237500
0 0.735937 0.250000 0.079687 0.233333
8 0.831250 0.248611 0.082813 0.238889
9 0.369531 0.745139 0.060938 0.220833
7 0.584766 0.743056 0.063281 0.219444
6 0.656250 0.744444 0.065625 0.219444
4 0.724219 0.744444 0.065625 0.216667
