10 0.250391 0.397917 0.397656 0.129167
10 0.768359 0.404861 0.407031 0.129167
10 0.761328 0.743056 0.458594 0.155556
10 0.757422 0.907639 0.455469 0.148611
10 0.250781 0.915972 0.459375 0.148611
10 0.251953 0.742361 0.441406 0.143056
3 0.272266 0.399306 0.046094 0.093056
1 0.316797 0.395139 0.033594 0.109722
1 0.323828 0.743056 0.041406 0.122222
3 0.274219 0.739583 0.046875 0.120833
3 0.267578 0.919444 0.057031 0.119444
3 0.775391 0.399306 0.044531 0.101389
3 0.815234 0.746528 0.050781 0.109722
3 0.807031 0.913889 0.048437 0.119444
1 0.851172 0.915972 0.038281 0.120833
1 0.858594 0.743056 0.031250 0.113889
1 0.819531 0.396528 0.028125 0.093056
5 0.133984 0.391667 0.042969 0.102778
5 0.120312 0.733333 0.043750 0.122222
5 0.084375 0.918056 0.046875 0.122222
5 0.642969 0.741667 0.040625 0.094444
5 0.616797 0.395139 0.041406 0.106944
5 0.616016 0.911806 0.052344 0.104167
2 0.665234 0.913889 0.042969 0.108333
2 0.688281 0.745833 0.046875 0.111111
2 0.660937 0.397917 0.035937 0.104167
2 0.175391 0.399306 0.041406 0.101389
2 0.167578 0.738889 0.047656 0.119444
2 0.138672 0.919444 0.050781 0.119444
1 0.077344 0.739583 0.035937 0.098611
1 0.093750 0.391667 0.034375 0.088889
0 0.356250 0.394444 0.040625 0.105556
0 0.367188 0.734028 0.043750 0.123611
1 0.316406 0.918056 0.029687 0.102778
0 0.367969 0.915972 0.046875 0.115278
0 0.868359 0.397917 0.039844 0.101389
0 0.899219 0.739583 0.046875 0.120833
0 0.895703 0.923611 0.044531 0.127778
8 0.941016 0.911111 0.049219 0.127778
8 0.946875 0.740278 0.045313 0.105556
8 0.917969 0.402778 0.043750 0.111111
8 0.403516 0.396528 0.041406 0.095833
8 0.419531 0.739583 0.045313 0.129167
8 0.422656 0.913194 0.051562 0.112500
