5 0.071484 0.776389 0.105469 0.247222
9 0.187109 0.799306 0.105469 0.256944
0 0.482812 0.840278 0.101563 0.272222
7 0.599609 0.857639 0.097656 0.276389
7 0.707812 0.865972 0.101563 0.262500
4 0.838672 0.881250 0.124219 0.237500
10 0.498437 0.785417 0.987500 0.429167
10 0.696484 0.557639 0.364844 0.329167
5 0.548828 0.481250 0.019531 0.090278
9 0.566016 0.486806 0.016406 0.087500
0 0.629297 0.506944 0.032031 0.125000
7 0.669922 0.529861 0.036719 0.145833
7 0.714453 0.545833 0.049219 0.169444
4 0.764844 0.565278 0.062500 0.194444
