1 0.567578 0.276389 0.024219 0.108333
2 0.600781 0.270139 0.034375 0.115278
3 0.635156 0.260417 0.037500 0.118056
4 0.728906 0.234028 0.050000 0.143056
5 0.781641 0.220833 0.049219 0.150000
6 0.839453 0.202778 0.061719 0.161111
8 0.906641 0.181944 0.063281 0.172222
8 0.914844 0.692361 0.062500 0.170833
6 0.851172 0.681250 0.053906 0.168056
5 0.797656 0.666667 0.048437 0.166667
4 0.749219 0.655556 0.043750 0.144444
3 0.646875 0.620833 0.039063 0.122222
2 0.611719 0.613889 0.028125 0.125000
1 0.583984 0.605556 0.022656 0.116667
10 0.765234 0.202778 0.461719 0.344444
10 0.762891 0.688194 0.457031 0.398611
