10 0.325391 0.454861 0.247656 0.168056
10 0.762500 0.456944 0.253125 0.125000
5 0.250781 0.457639 0.023438 0.098611
2 0.278516 0.461111 0.025781 0.094444
3 0.352344 0.457639 0.029687 0.104167
1 0.373047 0.459722 0.021094 0.100000
0 0.398438 0.454861 0.029687 0.109722
8 0.422656 0.459028 0.026563 0.095833
5 0.689844 0.452778 0.026563 0.086111
2 0.714063 0.452778 0.023438 0.088889
3 0.791797 0.452778 0.025781 0.091667
1 0.817187 0.448611 0.026563 0.094444
0 0.838672 0.450000 0.025781 0.100000
8 0.862500 0.458333 0.025000 0.083333
