10 0.509375 0.250694 0.840625 0.348611
10 0.502344 0.739583 0.840625 0.384722
1 0.182031 0.252778 0.068750 0.233333
1 0.223438 0.748611 0.051562 0.241667
2 0.270312 0.249306 0.082813 0.234722
2 0.306641 0.747917 0.083594 0.243056
3 0.357812 0.256250 0.078125 0.226389
3 0.389844 0.756250 0.076563 0.226389
4 0.555859 0.251389 0.085156 0.258333
4 0.596875 0.751389 0.092188 0.236111
5 0.648438 0.245139 0.076563 0.240278
5 0.685547 0.745833 0.071094 0.227778
6 0.764844 0.757639 0.071875 0.256944
6 0.732422 0.249306 0.078906 0.223611
8 0.821094 0.257639 0.078125 0.268056
8 0.842969 0.757639 0.075000 0.231944
