10 0.659766 0.511806 0.388281 0.134722
10 0.673437 0.680556 0.357812 0.127778
10 0.671094 0.809028 0.364062 0.126389
6 0.527734 0.510417 0.038281 0.109722
7 0.566406 0.511806 0.034375 0.118056
8 0.675000 0.506944 0.039063 0.111111
0 0.712500 0.506944 0.032812 0.105556
0 0.762500 0.679861 0.029687 0.115278
1 0.749609 0.506250 0.022656 0.112500
1 0.725000 0.680556 0.026563 0.113889
1 0.767969 0.809028 0.028125 0.098611
1 0.535547 0.821528 0.030469 0.090278
5 0.543750 0.684028 0.035937 0.106944
5 0.575000 0.816667 0.035937 0.091667
2 0.583203 0.690278 0.036719 0.091667
2 0.611328 0.813889 0.033594 0.091667
3 0.686328 0.677778 0.035156 0.097222
3 0.694922 0.812500 0.030469 0.086111
0 0.732031 0.811111 0.031250 0.088889
6 0.789063 0.502778 0.034375 0.102778
8 0.798828 0.677083 0.036719 0.104167
8 0.802734 0.805556 0.036719 0.097222
