10 0.530078 0.297222 0.939844 0.380556
10 0.539844 0.708333 0.595312 0.438889
5 0.217969 0.311806 0.100000 0.229167
2 0.320313 0.310417 0.103125 0.229167
3 0.590625 0.324306 0.103125 0.243056
1 0.690625 0.309028 0.076563 0.243056
0 0.794922 0.314583 0.097656 0.240278
8 0.903906 0.319444 0.100000 0.247222
4 0.777344 0.750694 0.081250 0.281944
6 0.700000 0.752778 0.073437 0.263889
7 0.622656 0.750000 0.075000 0.238889
2 0.538281 0.731250 0.089062 0.248611
3 0.303516 0.734028 0.077344 0.245833
9 0.379297 0.740278 0.075781 0.241667
