10 0.387109 0.375694 0.239844 0.162500
3 0.309766 0.370833 0.021094 0.069444
2 0.333203 0.376389 0.024219 0.058333
8 0.392969 0.377083 0.021875 0.062500
2 0.417188 0.382639 0.021875 0.059722
5 0.441406 0.383333 0.023438 0.069444
1 0.460938 0.382639 0.018750 0.065278
3 0.733594 0.169444 0.006250 0.019444
2 0.739844 0.170833 0.004688 0.016667
2 0.760938 0.171528 0.006250 0.018056
8 0.754687 0.171528 0.004688 0.015278
5 0.766406 0.172222 0.006250 0.016667
1 0.771875 0.172222 0.004688 0.016667
3 0.728906 0.286111 0.006250 0.016667
2 0.734766 0.286111 0.005469 0.019444
2 0.755078 0.289583 0.005469 0.018056
8 0.748828 0.288194 0.007031 0.015278
5 0.760938 0.290278 0.004688 0.019444
1 0.766406 0.288889 0.003125 0.019444
3 0.727734 0.464583 0.005469 0.020833
2 0.733594 0.463889 0.004688 0.016667
8 0.749219 0.465278 0.006250 0.016667
2 0.754687 0.464583 0.006250 0.018056
5 0.760938 0.466667 0.007813 0.019444
1 0.767187 0.466667 0.004688 0.022222
1 0.766016 0.642361 0.005469 0.015278
5 0.760938 0.643750 0.004688 0.018056
2 0.755469 0.643056 0.004688 0.013889
8 0.748828 0.640972 0.007031 0.018056
2 0.734375 0.641667 0.006250 0.019444
3 0.728516 0.640278 0.007031 0.019444
3 0.728906 0.818750 0.006250 0.020833
2 0.733984 0.818750 0.005469 0.018056
8 0.749219 0.818750 0.006250 0.020833
2 0.755469 0.819444 0.006250 0.022222
5 0.760547 0.819444 0.005469 0.019444
1 0.766016 0.819444 0.003906 0.019444
