10 0.186719 0.536806 0.120312 0.093056
10 0.066797 0.345139 0.061719 0.040278
4 0.146875 0.525000 0.012500 0.036111
1 0.157031 0.527778 0.007813 0.036111
0 0.185156 0.536111 0.010937 0.041667
1 0.196875 0.537500 0.009375 0.038889
4 0.207813 0.541667 0.014062 0.041667
9 0.221484 0.545139 0.013281 0.043056
1 0.071484 0.350694 0.003906 0.020833
7 0.077344 0.349306 0.004688 0.015278
5 0.083984 0.350000 0.007031 0.022222
1 0.090625 0.349306 0.006250 0.020833
5 0.052344 0.352778 0.006250 0.016667
8 0.058984 0.352083 0.007031 0.018056
