10 0.501953 0.276389 0.805469 0.325000
10 0.535547 0.604861 0.772656 0.284722
10 0.523438 0.864583 0.778125 0.212500
6 0.208203 0.283333 0.072656 0.205556
7 0.292188 0.280556 0.073437 0.205556
8 0.533984 0.284722 0.083594 0.211111
0 0.622266 0.275000 0.077344 0.205556
1 0.702734 0.278472 0.064844 0.223611
6 0.797656 0.277778 0.078125 0.222222
5 0.248828 0.617361 0.083594 0.215278
2 0.331250 0.613194 0.078125 0.209722
3 0.566797 0.609722 0.085156 0.194444
1 0.647266 0.607639 0.064844 0.204167
0 0.735156 0.605556 0.081250 0.216667
8 0.818750 0.604861 0.079687 0.204167
8 0.225000 0.867361 0.068750 0.179167
5 0.312891 0.862500 0.075781 0.177778
2 0.394531 0.868750 0.079687 0.179167
3 0.582031 0.872917 0.081250 0.184722
0 0.664844 0.863194 0.068750 0.179167
1 0.739453 0.857639 0.063281 0.176389
8 0.826563 0.850000 0.085938 0.161111
