10 0.537891 0.186806 0.763281 0.329167
10 0.561719 0.559028 0.756250 0.376389
10 0.555469 0.811111 0.765625 0.377778
6 0.241406 0.195139 0.057813 0.190278
7 0.305859 0.197917 0.058594 0.184722
8 0.512109 0.200694 0.077344 0.218056
0 0.595703 0.200000 0.074219 0.219444
1 0.681641 0.190278 0.066406 0.219444
6 0.786328 0.189583 0.085156 0.231944
5 0.263281 0.509028 0.057813 0.206944
2 0.335156 0.520833 0.064062 0.205556
3 0.540234 0.538889 0.075781 0.222222
1 0.621875 0.546528 0.065625 0.231944
0 0.716797 0.551389 0.083594 0.211111
8 0.816016 0.563194 0.089844 0.240278
8 0.833594 0.872222 0.087500 0.233333
1 0.732813 0.854861 0.064062 0.218056
0 0.645312 0.834028 0.081250 0.209722
3 0.558594 0.820139 0.078125 0.215278
2 0.380469 0.780556 0.064062 0.202778
5 0.311719 0.767361 0.062500 0.193056
1 0.241797 0.750000 0.049219 0.186111
