10 0.500391 0.693056 0.571094 0.241667
10 0.507422 0.878472 0.533594 0.193056
6 0.293750 0.689583 0.059375 0.154167
7 0.353516 0.694444 0.052344 0.161111
5 0.304688 0.893750 0.053125 0.140278
2 0.364062 0.901389 0.060938 0.127778
8 0.516016 0.689583 0.063281 0.159722
0 0.580469 0.681944 0.053125 0.155556
1 0.639844 0.688889 0.053125 0.158333
6 0.705469 0.681250 0.059375 0.162500
8 0.698438 0.873611 0.048437 0.130556
0 0.639844 0.875694 0.050000 0.120833
1 0.577344 0.881250 0.035937 0.134722
3 0.523438 0.881944 0.067188 0.119444
