6 0.116406 0.493056 0.053125 0.133333
7 0.170312 0.482639 0.048437 0.126389
8 0.313672 0.465278 0.042969 0.119444
0 0.358203 0.457639 0.042969 0.115278
1 0.398438 0.454167 0.032812 0.119444
6 0.440625 0.445139 0.035937 0.112500
1 0.366797 0.658333 0.025781 0.113889
1 0.419531 0.795139 0.020312 0.101389
1 0.129297 0.900000 0.033594 0.116667
5 0.142188 0.715972 0.051562 0.131944
5 0.187500 0.879167 0.045313 0.116667
2 0.236328 0.863194 0.042969 0.112500
2 0.196094 0.706250 0.045313 0.120833
3 0.340625 0.823611 0.035937 0.105556
3 0.325781 0.672222 0.043750 0.113889
0 0.380859 0.808333 0.033594 0.102778
0 0.410937 0.645139 0.034375 0.109722
8 0.449219 0.634028 0.035937 0.112500
8 0.456641 0.778472 0.028906 0.101389
