5 0.263672 0.503472 0.061719 0.176389
3 0.541406 0.534028 0.076563 0.206944
2 0.331641 0.519444 0.057031 0.188889
1 0.619531 0.543750 0.050000 0.218056
1 0.728125 0.856944 0.054688 0.219444
0 0.716406 0.553472 0.075000 0.223611
8 0.814844 0.561111 0.087500 0.230556
8 0.834375 0.877778 0.089062 0.227778
0 0.644922 0.839583 0.074219 0.204167
3 0.555469 0.815972 0.075000 0.201389
2 0.382422 0.784722 0.066406 0.188889
5 0.312891 0.765972 0.061719 0.181944
1 0.241016 0.752083 0.039844 0.176389
6 0.239844 0.195833 0.054688 0.177778
7 0.307031 0.197917 0.057813 0.190278
8 0.508984 0.193750 0.071094 0.193056
0 0.595703 0.192361 0.074219 0.204167
1 0.682031 0.190972 0.054688 0.212500
6 0.784766 0.188889 0.089844 0.216667
